0010010010000000000000000000000000000000000000000000
0000010010000011000100000001000000000000000000000000
0000111010100000000010000001101100000000000000000000
0000011000100000000010000001101100000000000000000000
0011010100000000000000000000000000000000000000000000
0000010010000011000100000001000001000000000000000000
0000111011100000000010000001101100000100000000000000
0000010111100000000010000001101100000100000000000000
0000101000100000000100000010000011000000000000000000
0000010010000011000100000001000010000000000000000000
0100100110010000000000000000000000000010001010010001
0100100110010000000000000000000000000010001010010001
0000010010000000100000100001100000000000000000000000
0000010010000011000001000001000000000000000000000000
0000010010000010000010000000010100000100000000000000
0000011100100000000010000000000000000000000000000000
0001010000000000000000000000000000111000000000000000
0001010001000000000000000000000000110000000000000000
0101100100100000110000000000000000000000000000000000
0101100100100000110000000000000000000000000000000000
0000010010000010110000100101100000000000000000000000
0000010010000010110000100100011000000100000000000000
0000010010000000100000100000010000000100000000000000
0110010000010000000100000000000011001000010000000000
0110010001010000000100000000000011000000010000000000
0001011001010000000000000000000000101000000000000000
0000110000100010000000001010000000000000000001000100
0000010010000011001000000000000000001000000000000000
0001011100010010010000000100000000101000000000000000
0001011101010000000000000000000000100000000000000000
0000010010000000101000010000000000001000000000000000
0000010010000011001000000000000000000000000000000000
1000000000000100000000000000000000000000010000000000
0001100001010000000000000000000000101000000000000000
0000101001100010000000001010000000000000000001001000
0000100000001000001000000000000000001000000000000000
0110100001000000000000000000000000000000010000000000
0001100101000000000000000000000000111000000000000000
0000100101100010000000001010000000000000000001001000
0000100010010000000000000000000000000000000100000000
0001101000010000000000000000000000101000000000000000
0001101001000000000000000000000000111000000000000000
0000011010000000101000010000000000001000000000000000
0000101101100000000000000000000000000000000000100000
0100110110000010000000001010000000000000000001000100
0001101101010000000000000000000000101000000000000000
0000100110000010000000001010000000000001000001001100
0000010010000000101000010000000000001000000000000000
0001110000010000000000000000000000101000000000000000
0000000000000000000000000000000000000000000000000000
0000101100000001001000000000000000001010000000000010
0000000000000000000000000000000000000000000000000000
0100100110010000000000000000000000000010001010010000
0000000000000000000000000000000000000000000000000000
0101100100100000110000000000000000000000000000000000
0000000000000000000000000000000000000000000000000000
0000000000000000000000000000000000000000000000000000
0000000000000000000000000000000000000000000000000000
0110011101000000000000000000000000000000010000000000
0110011001000000000000000000000000001000010000000000
0000000000000000000000000000000000000000000000000000
0000000000000000000000000000000000000000000000000000
0000010010000010000000001010000000000000100001000000
0100100110010000000000000000000000000010001010010001

